-0.027,0.825,0.630,-95.154,3.540,-85.815
0.069,-0.053,0.560,-46.936,15.076,-88.196
0.115,-0.550,0.710,66.895,106.689,-74.768
0.062,-1.338,0.853,89.539,154.480,-59.265
-0.013,-1.588,0.744,17.761,61.768,-37.109
-0.038,-1.933,0.760,-11.597,-56.274,-40.771
0.068,-1.960,0.988,69.092,-152.832,-73.547
0.497,-1.714,1.444,120.361,-102.844,-88.501
0.677,-1.496,1.466,101.562,-10.376,-60.425
0.633,-0.987,1.382,49.927,-31.067,-16.724
0.471,-0.759,1.388,-52.002,-110.657,60.547
-0.018,-0.424,1.092,-86.121,-101.868,78.796
-0.317,-0.284,0.755,-93.750,-11.414,76.965
-0.649,-0.101,0.256,-70.862,15.442,60.547
-0.603,-0.080,0.217,-16.541,3.174,12.939
-0.380,-0.170,0.428,5.920,-11.047,-6.104
-0.300,-0.219,0.622,53.345,-23.010,-15.686
-0.028,-0.108,0.960,51.453,-15.991,-11.902
-0.025,-0.103,0.974,9.705,7.507,-10.376
-0.128,-0.135,0.873,5.005,3.052,-12.390
-0.116,-0.158,0.877,11.108,-18.005,-13.367
-0.027,-0.198,0.878,13.977,-18.616,-10.376
-0.007,-0.193,0.859,22.766,-14.282,3.174
-0.066,-0.101,0.911,28.748,-13.916,10.193
-0.106,-0.045,0.980,33.447,-14.404,10.071
-0.131,0.005,1.118,31.372,-14.343,3.174
-0.114,0.004,1.163,23.865,-5.005,-12.268
-0.050,-0.017,1.169,19.958,4.211,-18.433
-0.020,-0.035,1.135,11.902,17.639,-26.367
0.004,-0.062,1.046,8.179,17.273,-26.733
-0.173,0.611,0.512,-142.639,-27.954,-2.258
-0.171,-0.015,0.667,-28.687,-13.367,-33.203
-0.144,-0.364,0.816,36.743,15.015,-46.021
-0.160,-1.069,1.178,12.451,-2.686,-27.832
-0.195,-1.322,1.329,-54.077,-35.339,16.113
-0.208,-1.581,1.337,-39.124,-26.794,7.690
-0.081,-1.567,1.356,87.524,-8.606,-81.116
0.444,-1.330,1.617,128.967,-4.333,-120.117
0.670,-1.176,1.618,91.614,-4.944,-112.915
0.667,-0.784,1.416,50.049,-21.301,-71.960
0.492,-0.555,1.387,-15.686,-72.083,14.099
0.054,-0.187,1.274,-41.809,-77.271,38.391
-0.156,-0.084,1.060,-69.763,-35.278,44.312
-0.405,-0.006,0.573,-65.979,-12.573,34.058
-0.415,0.005,0.437,-32.715,-3.784,7.324
-0.298,0.021,0.440,-10.559,-12.573,-4.395
-0.227,0.027,0.540,25.024,-34.973,-17.578
-0.123,0.046,0.826,32.288,-42.114,-17.456
-0.089,0.059,0.944,27.405,-39.246,-11.353
-0.031,0.067,1.013,20.996,-30.396,-10.254
0.002,0.055,0.978,15.686,-18.677,-11.108
0.045,0.034,0.878,13.062,2.380,-10.925
0.039,0.034,0.859,15.137,4.578,-7.507
-0.039,0.060,0.906,19.836,-6.653,1.526
-0.091,0.089,0.940,20.020,-12.207,3.906
-0.132,0.116,0.961,18.250,-13.611,-2.136
-0.130,0.119,1.004,18.860,-10.315,-9.583
-0.094,0.103,1.030,21.973,3.296,-19.958
-0.029,0.082,1.043,22.583,10.986,-20.935
-0.010,0.071,1.036,19.897,13.062,-17.090
0.011,1.073,1.156,-93.445,3.296,-37.170
0.149,0.702,1.067,-76.477,24.048,-43.213
0.199,0.490,1.036,-43.457,51.331,-45.349
0.230,0.098,1.006,-41.321,40.344,-41.504
0.191,-0.064,1.003,-71.594,-20.142,-32.410
0.120,-0.445,0.970,-84.167,-40.039,-29.236
0.082,-0.618,0.936,-62.805,-22.949,-19.470
-0.091,-0.786,0.833,-39.001,-7.202,-19.653
-0.153,-0.875,0.808,-5.981,-28.931,-42.114
-0.140,-1.134,0.931,3.113,-54.626,-54.016
-0.075,-1.188,1.027,34.424,-66.162,-75.928
0.115,-1.065,1.174,54.626,-51.086,-86.365
0.189,-0.943,1.223,65.735,-31.860,-87.585
0.281,-0.704,1.327,52.612,-42.297,-78.125
0.319,-0.575,1.380,12.146,-69.153,-48.523
0.325,-0.334,1.313,-9.277,-64.087,-32.532
0.277,-0.271,1.196,-35.706,-24.536,-5.615
0.118,-0.215,0.950,-42.358,-7.446,6.165
0.025,-0.180,0.845,-51.880,4.517,20.874
-0.123,-0.079,0.678,-51.819,5.676,20.508
-0.141,-0.042,0.634,-36.499,3.967,7.141
-0.069,0.006,0.677,-23.987,-2.991,1.221
-0.026,0.033,0.758,-1.099,-19.043,-0.671
0.022,0.077,0.946,5.676,-20.264,0.305
0.036,0.086,1.004,5.859,-10.681,0.977
0.063,0.094,0.999,2.197,-6.470,1.465
0.074,0.095,0.971,-0.488,-6.836,3.174
0.056,0.104,0.948,1.709,-9.888,4.333
0.026,0.116,0.964,4.761,-13.062,5.249
-0.025,0.140,1.018,9.949,-14.221,3.113
0.001,1.082,1.231,-77.332,-11.108,7.935
0.026,1.037,1.135,-82.886,-17.517,-2.014
0.045,0.963,1.109,-76.538,-12.146,-18.372
0.116,0.761,1.057,-64.087,0.671,-23.193
0.126,0.684,1.033,-38.635,25.513,-22.949
0.042,0.556,0.990,-33.997,30.518,-22.827
-0.026,0.456,0.952,-40.833,27.527,-32.349
-0.063,0.068,0.865,-42.419,25.696,-38.940
-0.014,-0.177,0.845,-26.917,35.522,-36.804
-0.026,-0.526,0.792,-21.973,39.185,-29.114
-0.115,-0.651,0.724,-20.264,22.827,-37.170
-0.189,-0.980,0.614,-11.536,11.780,-56.274
-0.133,-1.194,0.631,15.686,-1.831,-87.463
0.027,-1.454,0.766,28.320,-6.165,-95.703
0.111,-1.471,0.834,63.782,-25.818,-117.371
0.300,-1.301,1.118,87.952,-53.284,-124.817
0.425,-1.086,1.385,103.943,-126.831,-112.427
0.701,-0.599,1.807,79.834,-145.020,-95.764
0.820,-0.448,1.831,-0.183,-114.014,-47.302
0.805,-0.361,1.562,-39.368,-78.613,-15.503
0.580,-0.341,1.292,-102.905,0.427,51.147
-0.078,-0.234,0.649,-117.065,30.884,71.411
-0.320,-0.154,0.406,-98.755,30.884,69.946
-0.483,0.013,0.232,-77.515,4.883,56.030
-0.453,0.081,0.276,-30.273,-36.499,22.705
-0.301,0.131,0.534,-5.005,-41.565,5.371
-0.207,0.114,0.713,33.203,-37.720,-18.921
-0.042,0.071,1.050,38.330,-32.837,-22.339
0.019,0.058,1.149,24.231,-12.817,-23.132
0.113,0.028,1.113,14.221,1.465,-23.621
0.150,0.885,1.045,-28.748,-14.099,10.132
0.155,0.918,1.088,-20.813,-8.789,2.869
0.148,0.929,1.172,-14.160,2.441,-1.465
0.132,0.905,1.166,-17.273,16.846,-14.893
0.110,0.830,1.076,-28.625,8.362,-24.292
0.119,0.747,1.078,-41.687,-19.714,-44.922
0.151,0.478,1.172,-35.706,-18.127,-51.331
0.128,0.346,1.184,-20.386,13.855,-47.668
0.029,0.172,1.096,-19.653,27.527,-42.969
-0.012,0.074,1.038,-36.377,28.931,-42.969
-0.040,-0.373,0.959,-44.495,24.170,-49.744
-0.047,-0.647,0.917,-31.555,20.935,-59.387
-0.115,-0.970,0.822,-12.634,23.926,-66.162
-0.109,-1.109,0.759,15.625,6.714,-93.018
0.027,-1.432,0.832,24.719,-26.001,-100.464
0.121,-1.492,1.013,47.729,-80.627,-99.854
0.314,-1.259,1.381,55.298,-80.933,-97.473
0.429,-1.047,1.475,42.480,-64.575,-86.121
0.681,-0.708,1.518,20.508,-62.866,-70.251
0.741,-0.599,1.456,-40.771,-58.533,-15.137
0.534,-0.441,1.193,-67.200,-48.523,16.663
0.261,-0.360,0.989,-97.717,-14.099,61.157
-0.294,-0.181,0.529,-99.121,-1.221,66.284
-0.433,-0.109,0.379,-74.280,-6.592,47.119
-0.417,-0.020,0.345,-56.335,-18.982,31.250
-0.335,0.004,0.420,-20.264,-38.025,1.648
-0.147,0.016,0.664,-1.526,-40.222,-9.460
-0.072,0.007,0.793,14.832,-36.377,-16.602
0.012,0.006,0.969,28.076,-18.738,-18.372
0.039,0.010,0.998,24.414,-12.878,-16.541
0.013,-0.130,0.869,-53.406,10.315,-25.696
-0.002,-0.286,0.848,-30.029,4.517,-29.358
-0.147,-0.582,0.784,-29.297,-2.075,-31.494
-0.251,-0.731,0.739,-24.292,-36.682,-54.382
-0.283,-1.047,0.745,-6.653,-57.617,-75.623
-0.197,-1.153,0.833,51.025,-87.585,-113.647
0.046,-1.174,1.108,70.251,-94.421,-123.108
0.160,-1.101,1.226,62.622,-94.299,-115.234
0.387,-0.841,1.353,43.579,-90.515,-100.342
0.486,-0.684,1.353,-0.183,-69.641,-61.707
0.591,-0.483,1.229,-21.851,-53.528,-41.016
0.539,-0.432,1.116,-57.861,-13.794,6.165
0.199,-0.302,0.775,-67.871,7.507,28.198
-0.016,-0.201,0.590,-65.369,27.283,51.514
-0.300,-0.028,0.413,-54.810,17.700,50.049
-0.332,0.019,0.441,-31.799,-17.761,30.090
-0.248,0.057,0.596,-20.691,-26.001,17.761
-0.177,0.064,0.679,10.803,-8.179,-2.747
-0.062,0.085,0.838,27.771,8.850,-10.437
-0.023,0.088,0.908,41.626,26.062,-19.653
0.057,0.059,0.999,36.682,22.034,-21.179
0.104,0.042,1.019,27.954,13.550,-20.691
0.141,0.031,1.029,14.954,-1.221,-14.954
0.168,0.014,1.047,13.000,-3.418,-11.292
0.151,0.018,1.052,12.207,-0.916,-4.700
0.092,0.040,1.055,12.512,-0.488,-3.723
0.080,0.052,1.061,12.268,-4.883,-7.141
0.100,0.061,1.102,11.047,-7.263,-9.644
0.113,0.062,1.129,8.301,-4.211,-12.207
0.114,0.060,1.136,7.874,0.732,-13.306
-0.126,-0.180,0.511,0.549,39.612,-32.837
-0.134,-0.658,0.633,22.583,34.180,-34.485
-0.163,-0.879,0.743,43.335,17.822,-53.955
-0.138,-1.258,0.920,42.969,0.061,-72.021
-0.085,-1.353,1.045,49.622,-76.477,-93.750
0.135,-1.201,1.482,63.354,-120.544,-98.145
0.285,-1.022,1.749,59.937,-138.672,-92.712
0.453,-0.682,1.842,27.649,-110.596,-79.407
0.494,-0.579,1.644,-42.358,-44.495,-45.959
0.512,-0.474,1.141,-61.768,-23.132,-25.269
0.407,-0.407,0.936,-75.623,-12.329,22.400
0.032,-0.185,0.685,-76.172,-16.296,39.734
-0.134,-0.075,0.633,-60.669,-14.648,43.274
-0.268,0.054,0.609,-44.434,-5.676,30.945
-0.248,0.074,0.609,-7.263,15.198,-2.502
-0.114,0.039,0.650,9.094,19.104,-15.442
-0.034,0.023,0.705,27.710,8.850,-23.987
0.056,0.035,0.835,30.029,2.686,-22.278
0.073,0.039,0.879,28.259,-1.465,-17.639
0.102,0.028,0.934,25.818,-0.977,-15.198
0.107,0.030,0.938,17.029,2.686,-8.606
0.078,0.049,0.886,12.085,2.747,-5.554
0.059,0.057,0.859,7.996,-9.583,-2.075
0.036,0.076,0.912,9.460,-18.127,-1.526
0.031,0.089,0.971,13.123,-19.043,-4.944
0.040,0.099,1.031,12.695,-10.864,-8.545
0.057,0.086,1.010,8.789,3.479,-14.160
0.098,0.055,0.969,9.521,4.761,-14.465
0.110,0.052,0.978,14.221,2.014,-12.634
0.113,0.059,1.009,14.771,2.014,-12.146
0.214,0.661,1.097,-28.931,-3.113,-26.978
0.198,0.426,0.969,-40.894,6.897,-27.222
0.192,0.293,0.895,-26.001,33.936,-25.146
0.130,0.082,0.796,-12.085,40.100,-23.560
0.058,0.015,0.780,1.221,32.654,-23.804
-0.065,-0.161,0.735,-5.005,25.391,-27.161
-0.077,-0.309,0.707,-15.015,18.799,-30.579
-0.085,-0.654,0.663,-29.419,9.583,-33.936
-0.122,-0.816,0.619,-11.230,-5.310,-48.767
-0.113,-1.009,0.596,19.531,-20.203,-64.148
-0.055,-1.025,0.708,75.684,-55.420,-87.158
0.085,-0.946,1.055,78.552,-70.679,-90.210
0.122,-0.871,1.185,44.617,-85.815,-81.604
0.154,-0.658,1.368,27.222,-84.473,-74.890
0.181,-0.541,1.394,-1.465,-61.584,-65.857
0.294,-0.376,1.227,-12.817,-40.588,-62.927
0.355,-0.334,1.116,-25.635,-2.563,-45.898
0.340,-0.238,0.973,-30.396,6.531,-29.480
0.267,-0.171,0.923,-41.016,10.315,3.662
0.096,-0.054,0.848,-45.471,7.263,14.954
0.020,-0.007,0.827,-44.678,-5.798,22.644
-0.056,0.062,0.820,-37.476,-9.705,18.005
-0.037,0.075,0.824,-16.418,-1.709,-0.366
0.071,0.073,0.834,-6.165,4.944,-6.897
0.120,0.070,0.854,1.953,7.935,-9.399
0.173,0.073,0.933,9.155,1.404,-5.859
0.189,0.079,0.976,8.789,-3.052,-2.563
0.194,0.091,1.023,6.531,-4.944,1.404
0.194,0.094,1.023,5.676,-3.845,1.404
0.196,0.092,1.014,1.404,-7.385,2.502
0.175,0.402,1.138,-41.321,0.427,13.611
0.196,0.416,1.144,-48.706,3.967,8.545
0.271,0.402,1.187,-56.152,0.427,4.395
0.314,0.407,1.198,-65.674,-4.333,2.197
0.366,0.449,1.163,-82.764,-6.775,6.592
0.367,0.476,1.131,-86.731,-1.770,12.207
0.357,0.507,1.099,-87.097,13.550,24.475
0.314,0.576,1.078,-86.426,18.494,28.625
0.290,0.609,1.080,-86.609,17.395,30.457
0.237,0.676,1.077,-85.388,13.306,28.137
0.211,0.719,1.078,-73.425,7.507,20.691
0.167,0.820,1.070,-64.880,7.874,16.785
0.131,0.857,1.056,-52.124,16.541,9.949
0.097,0.866,0.952,-49.622,20.630,4.272
0.118,0.838,0.898,-45.898,20.569,-6.836
0.152,0.685,0.834,-43.213,22.278,-7.690
0.142,0.583,0.797,-25.635,30.823,-5.920
0.051,0.445,0.759,-17.334,29.968,-6.165
-0.015,0.359,0.757,-19.043,20.996,-9.766
-0.046,-0.020,0.797,-38.757,-3.784,-24.048
-0.012,-0.256,0.823,-37.720,-1.282,-29.541
-0.056,-0.628,0.800,-11.841,33.691,-31.311
-0.145,-0.760,0.746,2.869,39.856,-34.851
-0.249,-0.981,0.765,35.278,-21.545,-72.388
-0.192,-1.085,0.912,47.974,-72.388,-95.703
0.008,-1.138,1.318,59.875,-124.451,-115.967
0.090,-1.051,1.464,60.181,-110.413,-113.831
0.156,-0.918,1.528,48.035,-39.856,-109.924
0.337,-0.641,1.383,35.706,-5.981,-107.178
0.442,-0.543,1.227,5.066,26.611,-80.078
-0.182,-0.070,0.783,-66.223,41.504,68.542
-0.392,0.060,0.537,-57.800,37.903,52.612
-0.368,0.090,0.465,-27.893,18.799,16.174
-0.224,0.096,0.469,-7.324,10.986,2.502
-0.146,0.094,0.561,31.982,-5.615,-12.939
-0.024,0.096,0.865,43.396,-11.780,-16.479
0.022,0.106,0.993,41.077,-6.104,-19.836
0.111,0.088,1.050,33.325,3.113,-22.522
0.158,0.056,1.009,24.841,17.273,-24.414
0.220,0.016,0.939,25.146,16.357,-20.447
0.218,0.019,0.942,26.794,-0.305,-6.897
0.157,0.042,1.001,26.611,-10.132,-0.671
0.118,0.053,1.044,26.306,-17.029,3.052
0.049,0.075,1.120,22.705,-18.616,4.578
0.025,0.078,1.129,17.151,-16.296,2.991
0.029,0.066,1.084,8.728,-10.254,-5.249
0.052,0.062,1.058,10.620,-4.456,-10.010
0.076,0.060,1.043,19.775,10.559,-15.869
0.114,0.046,1.036,22.461,14.771,-17.029
0.133,0.030,1.047,20.386,7.568,-15.442
0.174,0.011,1.091,15.625,-0.854,-12.512
0.181,0.014,1.112,5.798,-9.888,-6.042
0.172,0.026,1.135,4.089,-7.019,-4.639
0.168,0.029,1.130,4.456,4.150,-4.639
0.177,0.019,1.101,4.456,7.568,-5.554
0.186,0.011,1.089,1.892,11.902,-6.348
0.192,0.007,1.056,-0.122,15.442,-5.676
0.194,0.008,1.029,-1.770,23.437,-3.845
0.198,-0.004,0.989,-0.793,25.146,-2.747
0.199,-0.010,0.981,2.197,20.569,-1.099
0.263,0.902,1.182,-83.557,25.208,-12.878
0.213,0.791,1.166,-76.660,51.147,-13.367
0.019,0.576,1.002,-76.538,61.646,-16.174
-0.093,0.427,0.848,-79.712,46.936,-34.851
-0.222,0.001,0.638,-71.655,21.423,-50.781
-0.214,-0.273,0.657,-27.100,-2.747,-82.886
-0.229,-0.771,0.713,-6.897,12.024,-90.820
-0.340,-0.973,0.657,-14.282,21.423,-87.769
-0.589,-1.386,0.598,-24.597,-11.169,-88.867
-0.594,-1.543,0.705,9.338,-111.694,-123.657
-0.270,-1.574,1.124,52.795,-141.479,-153.076
-0.011,-1.456,1.331,113.770,-109.253,-181.152
0.485,-1.073,1.526,110.535,-65.430,-169.250
0.690,-0.882,1.498,50.720,-5.005,-115.906
0.974,-0.621,1.357,9.399,-6.226,-77.759
0.971,-0.546,1.281,-67.566,-29.236,16.052
0.500,-0.352,1.019,-91.492,-19.165,58.838
0.138,-0.228,0.827,-92.590,42.480,97.534
-0.354,0.001,0.485,-76.111,62.866,90.027
-0.426,0.093,0.381,-40.527,52.917,51.697
-0.341,0.190,0.330,-22.766,37.903,31.860
-0.249,0.203,0.382,19.287,8.911,2.808
-0.087,0.185,0.647,39.795,-6.348,-6.104
-0.026,0.164,0.825,59.509,-28.564,-13.977
0.032,0.151,1.081,57.251,-30.273,-14.099
0.055,0.139,1.123,45.593,-17.578,-19.531
0.148,0.076,1.084,39.185,-8.545,-22.278
0.192,0.042,1.034,27.344,-5.249,-15.869
0.195,0.025,1.006,22.705,-14.587,-7.629
0.162,0.038,1.043,16.541,-32.288,6.775
0.197,0.214,1.057,-5.249,2.747,2.747
0.188,0.263,1.048,-10.742,2.502,7.935
0.204,0.370,1.050,-9.521,3.235,9.521
0.232,0.423,1.086,-3.723,2.197,13.672
0.249,0.522,1.229,-4.456,1.831,17.151
0.233,0.576,1.288,-22.339,1.709,21.240
0.265,0.708,1.308,-36.865,-2.014,19.043
0.310,0.771,1.321,-62.378,-17.944,11.719
0.355,0.850,1.405,-70.129,-22.461,11.230
0.350,0.877,1.417,-78.003,-8.118,17.822
0.329,0.954,1.306,-79.102,5.493,21.606
0.314,1.003,1.230,-78.369,15.930,23.071
0.314,1.064,1.161,-70.251,19.653,15.747
0.321,1.032,1.179,-65.430,17.212,8.423
0.312,0.964,1.201,-59.143,28.992,-4.456
0.259,0.837,1.138,-58.289,44.678,-7.996
0.203,0.774,1.043,-73.486,64.331,-10.132
0.001,0.508,0.793,-83.862,60.425,-12.329
-0.116,0.288,0.662,-71.289,31.860,-34.729
-0.211,-0.190,0.545,-43.640,11.047,-54.504
-0.201,-0.459,0.606,2.441,-18.799,-88.745
-0.196,-1.034,0.738,9.583,-21.729,-93.384
-0.244,-1.250,0.775,5.066,-30.029,-85.449
-0.329,-1.477,0.858,7.507,-44.617,-88.196
-0.285,-1.483,0.937,40.771,-82.520,-116.699
-0.056,-1.335,1.206,58.838,-94.177,-131.531
0.097,-1.199,1.310,62.805,-74.890,-140.991
0.378,-0.939,1.255,47.424,-47.119,-129.211
0.456,-0.826,1.143,8.850,-3.723,-78.491
0.447,-0.605,0.969,-5.920,0.916,-50.598
0.160,0.660,1.456,-84.106,1.343,40.588
0.093,0.905,1.428,-93.201,5.920,39.368
0.120,1.002,1.407,-124.329,-15.625,20.935
0.223,1.020,1.349,-140.320,-28.931,9.460
0.281,0.959,1.303,-145.569,-25.024,-3.052
0.397,0.843,1.211,-132.202,-10.803,-2.625
0.418,0.822,1.181,-97.107,24.536,7.263
0.330,0.821,1.104,-85.388,39.734,12.390
0.258,0.811,1.047,-84.229,46.814,8.728
0.168,0.605,0.891,-92.651,37.476,0.977
0.162,0.428,0.821,-80.750,24.292,-21.484
0.174,0.214,0.814,-59.570,30.396,-27.893
0.127,0.208,0.826,-44.617,39.673,-27.466
-0.078,0.177,0.745,-63.477,34.668,-22.705
-0.190,0.052,0.685,-89.111,11.658,-25.146
-0.267,-0.168,0.649,-101.501,-42.114,-44.312
-0.318,-0.638,0.637,-65.857,-53.650,-60.303
-0.329,-0.795,0.654,31.433,-56.519,-83.923
-0.386,-0.982,0.831,60.059,-64.636,-91.248
-0.400,-1.047,0.970,70.496,-97.595,-111.816
-0.302,-1.132,1.271,68.665,-107.544,-121.338
-0.203,-1.104,1.385,70.251,-79.529,-125.854
0.095,-0.918,1.402,73.547,-43.457,-127.197
0.301,-0.830,1.289,71.106,40.710,-125.000
0.632,-0.682,1.025,61.890,64.026,-106.628
0.659,-0.579,0.991,26.794,34.363,-36.377
0.482,-0.337,1.097,2.747,2.747,-1.770
0.338,-0.236,1.119,-38.391,-13.794,40.894
0.069,-0.094,0.929,-47.424,3.662,48.950
-0.020,-0.040,0.785,-38.208,35.339,47.852
0.397,0.365,1.249,-65.186,3.052,4.761
0.391,0.393,1.199,-59.448,13.855,11.597
0.389,0.421,1.169,-49.561,23.499,17.273
0.392,0.494,1.147,-50.781,20.935,17.578
0.375,0.517,1.167,-63.110,11.047,16.357
0.333,0.524,1.240,-70.190,12.939,16.052
0.320,0.492,1.242,-81.970,36.804,17.822
0.260,0.374,1.087,-83.435,50.720,19.348
0.209,0.341,0.965,-54.138,55.298,10.681
0.153,0.419,0.880,-31.738,42.236,-2.441
0.142,0.455,0.908,-32.776,2.441,-31.860
0.093,0.276,0.916,-60.120,-17.700,-39.734
0.065,0.088,0.914,-103.638,-34.973,-41.016
0.055,-0.235,0.910,-104.858,-23.499,-36.621
0.018,-0.352,0.851,-83.679,-4.578,-22.644
-0.176,-0.548,0.724,-61.157,-21.118,-24.475
-0.273,-0.638,0.765,2.686,-79.895,-53.162
-0.304,-0.778,1.082,29.358,-94.055,-68.909
-0.255,-0.818,1.240,44.922,-68.970,-84.839
-0.168,-0.822,1.363,39.124,-42.175,-84.900
-0.122,-0.792,1.336,21.362,3.601,-86.853
0.038,-0.734,1.140,16.357,17.578,-91.797
0.158,-0.696,1.025,20.020,30.273,-92.896
0.395,-0.590,0.899,22.827,33.569,-82.825
0.441,-0.516,0.891,20.020,39.307,-40.405
0.338,-0.337,0.925,13.428,38.574,-16.541
0.241,-0.253,0.942,-5.798,31.494,14.465
0.092,-0.132,0.886,-14.038,28.870,20.081
0.052,-0.096,0.823,-16.785,25.208,21.912
0.036,-0.063,0.719,-10.132,24.170,22.156
0.326,0.776,1.200,-96.436,36.804,3.052
0.304,0.732,1.100,-87.708,42.786,1.892
0.294,0.643,1.049,-76.782,59.448,-0.061
0.227,0.454,0.938,-74.036,68.420,-1.526
0.144,0.360,0.853,-76.599,57.861,-9.766
-0.031,0.153,0.693,-74.280,31.738,-19.165
-0.087,0.011,0.688,-61.829,-33.386,-43.396
-0.129,-0.412,0.760,-53.894,-53.894,-53.467
-0.140,-0.631,0.801,-28.748,-51.941,-64.941
-0.208,-0.920,0.856,-15.320,-40.833,-68.298
-0.253,-1.009,0.879,-3.357,-53.955,-81.177
-0.255,-1.109,0.972,1.160,-81.848,-92.041
-0.186,-1.116,1.052,30.579,-119.690,-114.014
0.037,-0.982,1.208,47.974,-107.544,-118.652
0.148,-0.861,1.217,55.237,-44.250,-111.816
0.305,-0.669,1.120,45.044,-18.555,-101.440
0.350,-0.598,1.068,16.113,-0.183,-68.970
0.369,-0.452,0.994,2.808,-0.183,-49.316
0.339,-0.366,0.972,-13.672,-5.737,-14.832
0.239,-0.212,0.937,-16.174,-4.517,-2.197
0.179,-0.163,0.908,-12.878,16.235,14.832
0.068,-0.075,0.827,-7.935,28.931,19.043
0.032,-0.037,0.792,1.404,35.400,21.912
-0.003,0.016,0.761,2.319,24.963,22.583
-0.001,0.043,0.781,0.122,-11.658,22.217
0.014,0.084,0.879,0.793,-25.879,20.447
0.016,0.094,0.931,10.010,-28.503,12.634
0.021,0.084,1.005,16.541,-20.142,6.897
0.031,0.073,1.024,25.818,-1.770,-3.235
0.060,0.071,1.041,26.428,2.563,-6.042
0.142,0.871,1.438,-76.965,5.737,17.029
0.138,0.875,1.413,-80.139,12.451,4.456
0.130,0.814,1.286,-79.712,14.465,-4.028
0.139,0.759,1.218,-66.833,18.250,-22.278
0.213,0.616,1.191,-55.969,20.508,-29.846
0.257,0.533,1.198,-48.706,25.208,-32.654
0.243,0.351,1.115,-57.800,46.509,-26.001
0.163,0.270,1.006,-69.458,58.594,-21.790
0.055,0.186,0.864,-84.473,58.289,-23.865
-0.101,-0.090,0.626,-81.299,37.415,-32.959
-0.105,-0.276,0.604,-43.701,-12.634,-59.021
-0.140,-0.603,0.706,-21.729,-20.325,-68.481
-0.206,-0.724,0.739,-5.371,-15.320,-77.209
-0.328,-0.947,0.765,-9.094,-18.188,-80.872
-0.335,-1.061,0.787,-18.555,-27.588,-90.210
-0.248,-1.193,0.800,-13.062,-26.855,-97.290
-0.172,-1.186,0.801,34.119,-12.329,-125.244
0.115,-1.069,0.853,60.242,1.770,-139.893
0.292,-0.986,0.864,69.519,31.982,-131.775
0.522,-0.803,0.848,55.786,37.476,-108.704
0.555,-0.698,0.867,19.104,14.648,-50.903
0.509,-0.481,0.959,1.587,-4.517,-24.353
0.448,-0.391,0.988,-24.109,-22.156,14.648
0.275,-0.270,0.958,-28.931,-15.503,27.405
0.194,-0.217,0.904,-25.146,16.602,44.006
0.051,-0.120,0.792,-20.447,25.696,48.218
-0.012,-0.077,0.768,-13.123,13.489,50.354
-0.084,-0.006,0.787,-10.315,0.183,47.974
-0.096,0.034,0.819,2.625,-16.174,36.743
-0.099,0.108,0.910,13.672,-14.709,29.053
0.168,0.504,1.083,-47.424,-6.104,44.434
0.113,0.562,1.129,-50.598,-8.423,43.274
0.072,0.588,1.162,-46.021,-7.141,36.255
0.035,0.632,1.217,-42.542,-2.258,30.151
0.042,0.640,1.229,-43.518,1.526,14.893
0.065,0.645,1.235,-47.058,-1.587,7.629
0.072,0.639,1.252,-51.819,-1.282,-5.066
0.078,0.633,1.268,-50.903,5.615,-10.193
0.070,0.637,1.244,-50.903,23.254,-20.020
0.055,0.557,1.129,-52.429,30.579,-26.550
0.064,0.448,1.054,-45.898,39.490,-42.297
0.116,0.244,0.953,-34.485,40.649,-50.476
0.137,0.186,0.937,-25.452,24.170,-57.312
0.066,0.096,0.904,-34.729,7.935,-56.274
0.003,0.012,0.865,-48.401,-20.020,-56.763
-0.016,-0.276,0.901,-39.490,-25.940,-59.204
0.002,-0.419,0.970,-23.804,-20.874,-60.425
-0.129,-0.544,0.993,0.244,5.676,-58.716
-0.241,-0.562,0.969,4.578,6.226,-65.918
-0.293,-0.689,0.970,0.183,-28.931,-98.816
-0.249,-0.789,0.968,-0.427,-43.884,-112.610
-0.147,-0.954,0.924,20.996,-26.184,-126.648
-0.076,-0.982,0.885,51.025,24.475,-132.935
0.116,-0.950,0.758,56.458,39.001,-131.775
0.198,-0.910,0.693,55.725,40.161,-125.183
0.280,-0.781,0.721,52.002,10.254,-99.609
0.285,-0.704,0.832,49.438,-10.559,-83.801
0.283,-0.612,0.956,32.959,-36.865,-54.993
0.282,-0.437,1.079,19.592,-37.170,-41.809
0.278,-0.385,1.075,-1.892,-21.118,-14.465
0.157,0.396,0.936,-1.587,10.376,-53.711
0.144,0.305,0.898,-21.729,24.597,-38.818
0.007,0.095,0.773,-28.809,27.344,-32.959
-0.081,-0.016,0.707,-18.738,21.912,-40.161
-0.161,-0.286,0.655,-2.136,13.794,-53.467
-0.157,-0.419,0.690,28.809,-9.155,-79.834
-0.186,-0.642,0.796,34.851,-20.752,-88.135
-0.216,-0.728,0.848,34.912,-36.865,-100.464
-0.238,-0.844,0.921,33.630,-39.307,-105.957
-0.232,-0.896,0.928,32.654,-35.400,-118.774
-0.174,-0.991,0.919,39.856,-32.776,-127.563
-0.098,-0.985,0.942,67.017,-26.855,-140.381
0.121,-0.854,0.998,71.716,-16.785,-137.695
0.287,-0.708,0.907,54.749,15.259,-113.281
0.322,-0.655,0.860,44.189,26.794,-96.130
0.313,-0.522,0.900,28.809,18.738,-59.570
0.289,-0.443,0.958,21.301,3.845,-43.213
0.258,-0.369,1.009,4.517,-15.747,-18.555
0.189,-0.275,1.036,-1.831,-15.686,-10.254
0.156,-0.244,1.014,-6.592,-4.639,2.930
0.092,-0.186,0.959,-5.859,2.075,8.362
0.064,-0.164,0.939,-1.526,13.977,15.198
0.015,-0.131,0.928,1.648,17.090,16.846
-0.003,-0.105,0.941,8.301,12.756,14.709
-0.012,-0.055,0.980,10.010,8.057,11.230
-0.004,-0.046,0.995,11.230,2.686,4.150
0.034,-0.058,1.019,12.268,3.235,0.732
0.056,-0.074,1.031,11.902,3.235,-4.028
0.080,-0.096,1.068,9.949,0.366,-5.066
0.089,-0.096,1.086,4.761,-4.578,-7.446
0.092,0.547,1.100,-66.162,32.104,15.808
0.010,0.471,0.901,-70.007,28.992,5.371
-0.002,0.419,0.820,-72.876,0.122,-21.851
0.000,0.275,0.775,-69.702,-13.306,-34.241
0.001,0.200,0.782,-56.335,-10.193,-49.011
-0.043,0.045,0.780,-53.223,-0.916,-51.514
-0.120,-0.201,0.720,-63.721,1.526,-53.223
-0.159,-0.330,0.668,-66.650,-10.498,-53.284
-0.287,-0.519,0.660,-37.964,-53.711,-61.035
-0.337,-0.611,0.747,-8.179,-73.181,-76.721
-0.309,-0.798,1.007,41.199,-85.815,-117.187
-0.259,-0.876,1.105,48.828,-79.285,-129.272
-0.170,-0.964,1.188,41.565,-49.683,-137.878
-0.115,-0.980,1.194,30.273,-13.733,-143.555
0.077,-0.915,1.112,31.250,5.249,-144.470
0.216,-0.838,1.012,36.072,26.672,-142.761
0.487,-0.717,0.790,43.396,65.613,-122.314
0.525,-0.658,0.754,41.748,69.763,-99.121
0.495,-0.584,0.794,31.250,33.752,-48.462
0.382,-0.413,0.994,21.301,5.310,-29.480
0.333,-0.342,1.070,-8.423,-32.166,-1.526
0.226,-0.262,1.084,-21.179,-34.912,8.911
0.166,-0.233,1.025,-29.053,-17.029,20.386
0.081,-0.187,0.875,-24.841,-3.601,23.560
0.048,-0.159,0.840,-8.484,15.564,28.748
-0.023,-0.072,0.869,-0.610,20.325,29.602
-0.053,-0.031,0.895,8.240,26.306,24.414
-0.078,0.004,0.936,10.315,27.527,19.470
-0.071,0.008,0.959,12.390,24.902,9.644
-0.037,0.009,0.980,11.902,21.484,5.127
0.052,0.466,1.342,-73.792,-26.062,-12.329
0.050,0.492,1.323,-71.289,-11.902,-13.733
0.056,0.563,1.292,-62.256,-2.380,-13.977
0.084,0.598,1.295,-45.044,7.629,-14.832
0.149,0.586,1.336,-40.649,9.583,-16.846
0.159,0.557,1.345,-41.687,14.526,-22.888
0.152,0.511,1.287,-47.729,17.273,-25.452
0.144,0.497,1.226,-63.721,16.296,-29.175
0.115,0.403,1.104,-69.214,11.414,-28.809
0.098,0.276,1.074,-60.303,12.695,-25.391
0.043,0.060,1.026,-43.884,26.672,-25.818
-0.016,0.029,0.979,-26.917,44.983,-30.457
-0.153,-0.032,0.875,-25.452,50.781,-49.011
-0.218,-0.126,0.827,-42.053,28.320,-58.044
-0.255,-0.279,0.793,-74.158,-33.264,-71.960
-0.254,-0.641,0.831,-75.256,-53.955,-74.646
-0.230,-0.797,0.903,-52.795,-48.706,-65.063
-0.246,-0.946,1.003,-37.598,-28.076,-57.495
-0.302,-0.966,1.011,-9.521,8.362,-62.744
-0.336,-0.982,1.019,2.747,13.733,-77.637
-0.262,-0.967,1.015,23.010,6.714,-117.310
0.001,-0.908,0.991,29.785,4.456,-130.371
0.138,-0.870,0.952,29.663,19.897,-129.028
0.329,-0.783,0.827,24.963,32.532,-116.516
0.366,-0.718,0.785,18.677,38.757,-78.064
0.363,-0.542,0.817,17.334,28.137,-58.960
0.343,-0.460,0.882,7.263,0.061,-28.503
0.282,-0.342,0.971,-2.808,-6.714,-16.296
0.250,-0.301,0.960,-19.348,1.038,4.883
0.176,-0.234,0.853,-21.057,9.094,14.160
-0.041,0.211,1.032,-124.756,33.081,-22.217
-0.052,0.105,0.831,-118.652,28.015,-27.039
-0.073,0.055,0.782,-93.933,13.916,-33.142
-0.169,-0.097,0.714,-82.886,7.629,-34.912
-0.216,-0.182,0.692,-53.955,-7.874,-47.302
-0.230,-0.377,0.744,-33.936,-10.620,-60.364
-0.220,-0.492,0.789,-5.737,-3.113,-79.651
-0.241,-0.683,0.819,-1.770,-2.930,-83.069
-0.248,-0.765,0.849,5.371,-27.283,-91.003
-0.208,-0.770,0.903,15.076,-43.884,-98.694
-0.055,-0.774,1.008,32.654,-55.176,-115.356
0.040,-0.752,1.029,37.354,-46.387,-117.981
0.129,-0.692,1.034,44.312,-16.235,-105.164
0.206,-0.526,1.023,43.396,-3.113,-92.651
0.219,-0.452,1.006,29.541,9.216,-71.228
0.249,-0.351,0.935,18.372,8.911,-61.218
0.251,-0.298,0.885,-3.357,-0.427,-36.743
0.193,-0.197,0.812,-9.521,-6.287,-24.963
0.149,-0.151,0.810,-10.193,-15.930,-8.423
0.078,-0.065,0.837,-9.216,-17.151,-3.418
0.050,-0.035,0.844,-4.456,-10.986,-0.061
0.044,-0.010,0.857,0.977,-5.005,-2.136
0.058,-0.002,0.867,10.437,2.136,-6.836
0.096,0.017,0.890,11.658,0.977,-7.690
0.106,0.027,0.918,12.024,-7.019,-4.944
0.093,0.044,1.004,11.292,-11.902,-2.869
0.091,0.048,1.031,3.906,-17.517,-2.197
0.104,0.040,1.029,0.854,-16.907,-2.930
0.109,0.040,1.029,4.395,-7.080,-3.723
0.096,0.043,1.048,8.362,0.427,-3.601
-0.091,0.321,1.037,-92.285,53.345,-44.495
-0.089,-0.033,0.807,-85.571,45.776,-53.040
-0.111,-0.387,0.790,-59.753,2.502,-62.073
-0.161,-0.536,0.822,-30.151,-26.855,-72.937
-0.223,-0.863,0.893,-13.733,-25.879,-81.726
-0.200,-1.027,0.934,19.653,-7.019,-94.666
-0.127,-1.187,1.006,31.311,0.610,-100.586
-0.076,-1.171,1.014,35.400,-7.446,-115.967
0.062,-1.037,1.023,30.334,-22.522,-120.666
0.128,-0.966,1.025,24.292,-36.194,-119.995
0.238,-0.773,1.053,22.278,-42.664,-102.417
0.258,-0.652,1.079,23.499,-36.438,-87.585
0.266,-0.537,1.091,9.583,-19.226,-56.335
0.260,-0.377,1.018,-7.080,-15.015,-40.833
0.232,-0.314,0.951,-37.720,-17.578,-10.254
0.128,-0.187,0.867,-42.969,-19.287,1.953
0.074,-0.124,0.851,-35.095,-8.728,13.916
-0.006,-0.020,0.820,-27.954,2.625,14.954
-0.030,0.013,0.784,-17.822,18.494,13.794
-0.043,0.062,0.749,-14.282,14.526,12.939
-0.035,0.087,0.782,-7.202,-8.179,10.071
0.004,0.099,0.864,-3.357,-14.038,6.592
0.028,0.087,0.881,6.592,-9.338,-1.282
0.072,0.072,0.911,12.207,-6.165,-3.479
0.085,0.078,0.943,18.555,-3.845,-3.784
0.087,0.094,1.008,17.761,-4.089,-3.357
0.088,0.093,1.037,10.010,-10.010,-2.686
0.100,0.084,1.080,5.249,-12.573,-1.770
0.105,0.082,1.084,1.038,-8.057,-0.061
0.104,0.081,1.079,2.075,-2.991,-0.122
0.190,0.395,1.135,-30.212,-16.968,21.606
0.165,0.515,1.248,-34.729,-22.400,20.142
0.142,0.559,1.303,-56.274,-29.541,14.343
0.116,0.601,1.345,-69.641,-30.762,11.108
0.129,0.626,1.346,-85.815,-27.954,3.967
0.185,0.639,1.328,-90.942,-23.560,1.404
0.212,0.613,1.321,-96.924,-9.705,-0.671
0.259,0.583,1.312,-96.680,-3.052,-0.916
0.272,0.593,1.315,-97.046,6.958,-1.648
0.219,0.601,1.300,-98.999,14.404,-3.479
0.180,0.589,1.241,-102.234,24.414,-7.629
0.164,0.523,1.086,-108.032,33.386,-21.057
0.161,0.480,1.054,-104.675,24.841,-26.550
0.141,0.444,1.068,-89.844,5.371,-31.189
0.060,0.381,1.091,-86.609,5.188,-32.654
0.005,0.321,1.037,-94.604,10.315,-37.964
-0.089,0.080,0.914,-97.595,7.324,-41.504
-0.118,-0.082,0.851,-77.881,-2.014,-53.406
-0.167,-0.380,0.747,-52.368,-6.958,-61.829
-0.195,-0.484,0.742,9.888,-15.259,-80.811
-0.220,-0.686,0.815,32.898,-19.287,-90.332
-0.227,-0.793,0.857,45.044,-39.063,-102.600
-0.231,-0.929,0.924,42.114,-53.589,-106.201
-0.193,-0.956,0.971,49.255,-72.327,-110.840
-0.044,-0.881,1.116,59.204,-70.435,-111.816
0.063,-0.808,1.170,61.707,-43.701,-109.863
0.235,-0.667,1.166,51.025,-28.198,-100.769
0.290,-0.591,1.154,25.513,-11.475,-71.777
0.384,-0.427,1.147,12.024,-8.545,-57.617
0.410,-0.352,1.115,-19.226,-2.502,-24.841
0.011,0.860,1.288,-93.567,-1.465,-24.170
-0.006,0.807,1.282,-98.206,2.075,-38.757
0.016,0.655,1.191,-92.590,6.348,-43.701
0.028,0.565,1.116,-80.566,14.404,-51.514
-0.013,0.354,0.986,-81.055,15.259,-54.199
-0.041,0.231,0.964,-89.600,13.611,-56.702
-0.082,-0.059,0.934,-89.233,16.357,-57.861
-0.099,-0.231,0.903,-82.458,22.461,-62.134
-0.142,-0.576,0.866,-61.768,23.376,-74.768
-0.187,-0.700,0.858,-52.063,-29.297,-79.224
-0.278,-0.854,0.924,-47.791,-72.937,-80.139
-0.278,-0.885,1.010,-21.240,-124.817,-88.745
-0.184,-0.892,1.154,-1.953,-116.882,-96.802
-0.119,-0.872,1.171,30.762,-67.444,-115.601
0.026,-0.792,1.168,39.551,-44.861,-122.498
0.113,-0.733,1.161,43.518,-29.724,-124.634
0.305,-0.604,1.094,34.729,-11.841,-110.901
0.391,-0.537,1.041,23.193,-3.479,-95.886
0.445,-0.381,0.934,0.000,8.667,-54.687
0.406,-0.300,0.898,-10.315,9.277,-31.982
0.240,-0.144,0.852,-27.649,0.916,6.226
0.149,-0.083,0.826,-32.043,-1.343,16.785
0.023,0.011,0.758,-28.320,7.568,21.362
0.003,0.044,0.728,-21.423,15.198,18.372
0.003,0.068,0.714,-5.676,22.278,11.414
0.014,0.100,0.731,-0.854,17.700,9.583
0.020,0.108,0.759,3.906,-5.493,8.850
0.034,0.129,0.860,6.714,-16.479,8.606
0.039,0.137,0.912,14.099,-17.273,5.798
0.053,0.147,0.977,17.700,-9.094,3.540
0.151,-0.050,1.008,3.845,-0.305,1.160
0.156,-0.045,1.014,1.770,-3.662,1.892
0.179,-0.031,1.032,2.014,-5.554,2.075
0.196,-0.018,1.051,5.920,-7.507,3.479
0.227,0.022,1.099,7.019,-6.775,5.859
0.238,0.054,1.113,2.319,-2.991,13.367
0.261,0.150,1.102,-2.441,-1.831,17.212
0.280,0.210,1.091,-8.850,-4.883,22.461
0.318,0.312,1.119,-10.254,-7.874,24.292
0.317,0.351,1.154,-13.062,-10.071,27.039
0.273,0.456,1.219,-26.550,-10.315,35.278
0.245,0.529,1.245,-37.476,-10.864,37.720
0.154,0.655,1.308,-62.012,-16.602,36.255
0.092,0.703,1.352,-69.763,-17.456,33.325
0.028,0.808,1.422,-77.576,-13.611,23.071
0.033,0.867,1.463,-81.177,-15.015,15.991
-0.027,0.962,1.576,-85.388,-18.860,3.113
-0.071,0.997,1.625,-85.449,-11.108,-2.747
-0.092,1.028,1.648,-88.623,17.029,-15.381
-0.105,1.038,1.568,-101.196,28.015,-23.499
-0.117,0.968,1.438,-138.000,33.325,-47.974
-0.103,0.636,1.095,-137.878,33.081,-65.491
-0.051,0.437,0.966,-89.661,44.250,-97.351
0.048,0.124,0.826,-66.162,50.049,-102.295
0.037,0.007,0.771,-62.866,32.349,-93.933
-0.046,-0.380,0.665,-77.942,11.108,-90.454
-0.045,-0.696,0.638,-78.735,-13.672,-83.801
-0.083,-1.199,0.573,-47.791,-8.118,-74.158
-0.155,-1.270,0.533,47.913,-10.315,-78.735
-0.159,-1.234,0.677,78.308,-38.513,-97.107
0.177,0.750,1.376,-44.067,-0.977,26.245
0.164,0.792,1.374,-54.321,1.648,18.494
0.166,0.771,1.356,-63.782,-3.662,10.193
0.189,0.717,1.339,-80.994,-10.071,-5.005
0.242,0.632,1.275,-83.801,-5.249,-8.484
0.254,0.620,1.237,-80.505,13.184,-9.949
0.220,0.604,1.164,-79.773,19.897,-10.071
0.178,0.567,1.126,-82.214,23.804,-12.756
0.069,0.390,0.975,-82.642,24.292,-17.517
0.028,0.263,0.863,-62.561,20.142,-37.598
-0.010,0.073,0.769,-46.570,10.437,-50.110
-0.038,-0.004,0.795,-43.030,-24.902,-70.374
-0.103,-0.285,0.839,-54.810,-41.626,-77.637
-0.130,-0.493,0.821,-67.932,-56.335,-82.520
-0.225,-0.857,0.794,-58.533,-54.932,-82.397
-0.274,-0.959,0.819,-15.625,-57.190,-98.450
-0.263,-1.030,0.967,6.958,-72.388,-117.493
-0.199,-1.029,1.091,33.630,-107.849,-149.658
0.028,-0.942,1.352,37.048,-104.675,-153.320
0.150,-0.863,1.406,21.423,-40.833,-135.803
0.370,-0.693,1.227,3.906,4.578,-120.911
0.445,-0.633,1.034,-23.010,66.040,-83.313
0.465,-0.506,0.709,-25.757,70.313,-59.265
0.411,-0.422,0.643,-21.729,38.696,-7.385
0.194,-0.223,0.673,-21.912,16.724,14.343
0.078,-0.128,0.709,-26.917,-4.883,34.790
-0.062,0.020,0.718,-26.794,-2.075,33.264
-0.085,0.062,0.699,-13.977,11.353,20.142
-0.076,0.106,0.687,-2.808,11.169,12.512
-0.050,0.119,0.706,19.104,-6.470,-1.160
0.042,0.677,1.111,-86.121,-21.973,19.897
0.052,0.695,1.139,-89.844,-29.602,11.902
0.076,0.684,1.143,-83.374,-22.400,1.404
0.141,0.740,1.173,-74.097,-12.146,1.221
0.144,0.791,1.229,-49.927,17.273,7.629
0.058,0.838,1.303,-42.358,33.386,7.751
0.021,0.838,1.270,-51.270,44.128,-8.118
0.037,0.823,1.159,-60.730,34.119,-20.813
0.047,0.799,1.126,-74.097,11.353,-41.321
0.022,0.662,1.066,-76.050,10.620,-48.218
0.004,0.546,1.014,-75.195,17.578,-52.917
-0.009,0.339,0.869,-66.467,44.861,-58.594
-0.039,0.247,0.771,-66.589,52.612,-61.340
-0.200,-0.064,0.562,-80.261,14.038,-67.932
-0.262,-0.252,0.532,-76.172,-28.015,-75.012
-0.323,-0.648,0.642,-35.034,-96.008,-89.966
-0.389,-0.854,0.747,-5.615,-104.675,-94.116
-0.566,-1.164,1.012,42.480,-91.187,-102.478
-0.594,-1.228,1.174,58.044,-92.590,-113.525
-0.414,-1.232,1.529,82.581,-110.352,-151.001
-0.191,-1.150,1.644,87.708,-102.234,-169.189
0.479,-0.966,1.458,66.101,-20.752,-187.805
0.772,-0.925,1.178,40.833,32.715,-174.988
0.957,-0.763,0.812,1.160,68.665,-93.018
0.822,-0.602,0.833,-10.132,45.837,-36.987
0.570,-0.422,0.901,-34.485,10.498,51.453
-0.006,-0.128,0.850,-45.959,20.447,70.007
-0.205,-0.034,0.714,-50.415,55.847,63.843
-0.335,0.095,0.455,-41.443,58.044,49.194
-0.300,0.134,0.413,-10.681,27.039,16.541
0.172,0.171,1.260,-15.991,-17.822,13.916
0.190,0.366,1.466,-21.301,-24.719,16.174
0.151,0.453,1.592,-39.795,-26.428,23.926
0.034,0.621,1.677,-54.077,-16.907,27.283
0.004,0.719,1.609,-89.355,5.005,24.597
0.022,0.887,1.422,-105.408,4.150,16.174
0.054,0.918,1.366,-129.395,-15.503,-4.761
0.098,0.894,1.292,-135.437,-21.240,-12.024
0.113,0.893,1.224,-127.625,-12.207,-18.188
0.125,0.874,1.086,-117.249,-4.028,-19.287
0.111,0.810,1.041,-92.468,12.146,-22.278
0.097,0.611,0.999,-79.895,20.386,-23.743
0.106,0.528,0.992,-58.411,33.142,-24.109
0.047,0.445,0.953,-58.350,34.546,-21.301
-0.049,0.404,0.910,-83.191,20.142,-19.592
-0.271,0.222,0.759,-98.511,7.141,-26.672
-0.332,0.062,0.676,-96.558,-17.700,-53.589
-0.362,-0.310,0.647,-75.745,-22.400,-66.467
-0.363,-0.491,0.675,-51.514,-18.982,-75.439
-0.422,-0.805,0.636,-15.930,-12.207,-83.435
-0.498,-0.940,0.642,20.142,-45.471,-101.013
-0.511,-1.138,0.845,43.518,-70.129,-121.338
-0.403,-1.182,0.998,78.369,-97.534,-157.227
-0.122,-1.130,1.271,83.801,-89.355,-163.269
0.036,-1.050,1.346,74.402,-32.593,-163.269
0.426,-0.865,1.267,59.692,2.991,-157.471
0.605,-0.770,1.153,26.794,34.424,-114.258
0.779,-0.562,1.044,15.015,21.790,-78.674
0.730,-0.451,1.079,4.150,1.465,-39.978
0.587,-0.345,1.114,-23.254,-12.756,26.001
0.190,0.395,1.324,-34.058,-18.250,31.494
0.114,0.490,1.350,-42.969,-5.432,40.833
0.006,0.653,1.373,-50.232,-1.465,38.452
0.018,0.761,1.376,-75.195,-8.667,22.095
0.055,0.783,1.365,-89.111,-15.564,11.658
0.112,0.745,1.317,-106.934,-15.320,-2.258
0.121,0.715,1.289,-107.666,-6.653,-5.188
0.134,0.692,1.217,-101.379,16.846,-8.301
0.118,0.670,1.176,-100.708,26.367,-9.888
0.084,0.616,1.130,-94.177,37.781,-20.142
0.062,0.485,1.047,-82.825,40.405,-29.968
0.085,0.430,1.038,-62.622,37.476,-47.852
0.104,0.275,1.041,-61.401,35.034,-52.124
0.075,0.162,1.028,-61.096,42.358,-53.711
0.006,-0.014,0.953,-56.580,49.744,-54.504
-0.021,-0.081,0.896,-57.800,36.011,-59.509
-0.084,-0.267,0.781,-60.425,11.902,-64.087
-0.119,-0.381,0.772,-39.185,-31.738,-74.524
-0.134,-0.609,0.876,-16.724,-33.813,-80.994
-0.131,-0.689,0.897,12.878,-16.296,-90.515
-0.196,-0.763,0.801,14.709,-21.179,-91.431
-0.206,-0.780,0.783,18.433,-70.251,-96.375
-0.165,-0.788,0.849,26.672,-93.384,-99.548
-0.115,-0.781,0.931,50.110,-97.046,-101.624
0.010,-0.712,1.038,59.448,-80.322,-100.464
0.134,-0.562,1.087,63.599,-40.344,-85.327
0.153,-0.476,1.081,56.763,-23.682,-73.242
0.166,-0.364,1.005,30.945,-3.174,-53.345
0.179,-0.326,0.947,16.785,-1.648,-44.556
0.172,-0.234,0.846,-2.075,-9.888,-22.644